Grid #0:
00000002000000000020
00000002202200020222
00000002000220222200
00000002202222200220
00000000222022000200
00000022200022000200
00000022220220000220
00222222200222000222
02220022000222220220
00220222000202200200
00000222220200002220
00220022020220002000
00020002000220000000
00022022220200000000
00022222000000000000
00000022200220000000
00000000222220000000
00000000020022200000
00000000222002000000
00000000020000000000

Grid #1:
00000002000000000020
00000002202200020222
00000002000220222200
00000002202222200220
00000000222022000200
00000022200022000200
00000022220220000220
00222222200222000222
02220022000222220220
00220222200202200200
00000222220200002220
00220002020220002000
00020002000220000000
00022022220200000000
00022222000000000000
00000022200220000000
00000000222220000000
00000000020022200000
00000000222002000000
00000000020000000000

Grid #2:
00000002000000000020
00000002202200020222
00000002000220222200
00000002202222200222
00000000222022000200
00000022200022000200
00000022220220000220
00222222200222000222
02220022000222220220
00220222000202200200
00000222220200002220
00220022020220002000
00020002000220000000
00022022220200000000
00022222000000000000
00000022200220000000
00000000222220000000
00000000020022220000
00000000222002000000
00000000020000000000

Grid #3:
00000002000000000020
00000002202200020222
00000002000220222200
00000002202222200222
00000000222022000200
00000022200022000200
00000022220220000220
00222222200222000222
02220022000222220220
00220222200202200200
00000222220200002220
00220002020220002000
00020002000220000000
00022022220200000000
00022222000000000000
00000022200220000000
00000000222220000000
00000000020022220000
00000000222002000000
00000000020000000000

Grid #4:
00000002000000000020
00000002202200020222
00000002000220222200
00000002202222200222
00000000222022000202
00000022200022000200
00000022220220000220
00222222200222000222
02220022000222220220
00220222000202200200
00000222220200002220
00220022020220002000
00020002000220000000
00022022220200000000
00022222000000000000
00000022200220000000
00000000222220000000
00000000020022200000
00000000222002000000
00000000020000000000

Grid #5:
00000002000000000020
00000002202200020222
00000002000220222200
00000002202222200222
00000000222022000202
00000022200022000200
00000022220220000220
00222222200222000222
02220022000222220220
00220222200202200200
00000222220200002220
00220002020220002000
00020002000220000000
00022022220200000000
00022222000000000000
00000022200220000000
00000000222220000000
00000000020022200000
00000000222002000000
00000000020000000000

Grid #6:
00000002000000000020
00000002202200022222
00000002000220220200
00000002202222200220
00000000222022000200
00000022200022000200
00000022220220000220
00222222200222000222
02220022000222220220
00220222000202200200
00000222220200002220
00220022020220002000
00020002000220000000
00022022220200000000
00022222000000000000
00000022200220000000
00000000222220000000
00000000020022200000
00000000222002000000
00000000020000000000

Grid #7:
00000002000000000020
00000002202200022222
00000002000220220200
00000002202222200220
00000000222022000200
00000022200022000200
00000022220220000220
00222222200222000222
02220022000222220220
00220222200202200200
00000222220200002220
00220002020220002000
00020002000220000000
00022022220200000000
00022222000000000000
00000022200220000000
00000000222220000000
00000000020022200000
00000000222002000000
00000000020000000000

Grid #8:
00000002000000000020
00000002202200022222
00000002000220220200
00000002202222200222
00000000222022000200
00000022200022000200
00000022220220000220
00222222200222000222
02220022000222220220
00220222000202200200
00000222220200002220
00220022020220002000
00020002000220000000
00022022220200000000
00022222000000000000
00000022200220000000
00000000222220000000
00000000020022220000
00000000222002000000
00000000020000000000

Grid #9:
00000002000000000020
00000002202200022222
00000002000220220200
00000002202222200222
00000000222022000200
00000022200022000200
00000022220220000220
00222222200222000222
02220022000222220220
00220222200202200200
00000222220200002220
00220002020220002000
00020002000220000000
00022022220200000000
00022222000000000000
00000022200220000000
00000000222220000000
00000000020022220000
00000000222002000000
00000000020000000000

Grid #10:
00000002000000000020
00000002202200022222
00000002000220220200
00000002202222200222
00000000222022000202
00000022200022000200
00000022220220000220
00222222200222000222
02220022000222220220
00220222000202200200
00000222220200002220
00220022020220002000
00020002000220000000
00022022220200000000
00022222000000000000
00000022200220000000
00000000222220000000
00000000020022200000
00000000222002000000
00000000020000000000

Grid #11:
00000002000000000020
00000002202200022222
00000002000220220200
00000002202222200222
00000000222022000202
00000022200022000200
00000022220220000220
00222222200222000222
02220022000222220220
00220222200202200200
00000222220200002220
00220002020220002000
00020002000220000000
00022022220200000000
00022222000000000000
00000022200220000000
00000000222220000000
00000000020022200000
00000000222002000000
00000000020000000000

Grid #12:
00000002000000000220
00000002202200020222
00000002000220222200
00000002202222200220
00000000222022000200
00000022200022000200
00000022220220000220
00222222200222000222
02220022000222220220
00220222000202200200
00000222220200002220
00220022020220002000
00020002000220000000
00022022220200000000
00022222000000000000
00000022200220000000
00000000222220000000
00000000020022220000
00000000222002000000
00000000020000000000

Grid #13:
00000002000000000220
00000002202200020222
00000002000220222200
00000002202222200220
00000000222022000200
00000022200022000200
00000022220220000220
00222222200222000222
02220022000222220220
00220222200202200200
00000222220200002220
00220002020220002000
00020002000220000000
00022022220200000000
00022222000000000000
00000022200220000000
00000000222220000000
00000000020022220000
00000000222002000000
00000000020000000000

Grid #14:
00000002000000000220
00000002202200020222
00000002000220222200
00000002202222200222
00000000222022000200
00000022200022000200
00000022220220000220
00222222200222000222
02220022000222220220
00220222000202200200
00000222220200002220
00220022020220002000
00020002000220000000
00022022220200000000
00022222000000000000
00000022200220000000
00000000222220000000
00000000020022200000
00000000222002000000
00000000020000000000

Grid #15:
00000002000000000220
00000002202200020222
00000002000220222200
00000002202222200222
00000000222022000200
00000022200022000200
00000022220220000220
00222222200222000222
02220022000222220220
00220222200202200200
00000222220200002220
00220002020220002000
00020002000220000000
00022022220200000000
00022222000000000000
00000022200220000000
00000000222220000000
00000000020022200000
00000000222002000000
00000000020000000000

Grid #16:
00000002000000000220
00000002202200020222
00000002000220222200
00000002202222200222
00000000222022000202
00000022200022000200
00000022220220000220
00222222200222000222
02220022000222220220
00220222000202200200
00000222220200002220
00220022020220002000
00020002000220000000
00022022220200000000
00022222000000000000
00000022200220000000
00000000222220000000
00000000020022220000
00000000222002000000
00000000020000000000

Grid #17:
00000002000000000220
00000002202200020222
00000002000220222200
00000002202222200222
00000000222022000202
00000022200022000200
00000022220220000220
00222222200222000222
02220022000222220220
00220222200202200200
00000222220200002220
00220002020220002000
00020002000220000000
00022022220200000000
00022222000000000000
00000022200220000000
00000000222220000000
00000000020022220000
00000000222002000000
00000000020000000000

Grid #18:
00000002000000000220
00000002202200022222
00000002000220220200
00000002202222200220
00000000222022000200
00000022200022000200
00000022220220000220
00222222200222000222
02220022000222220220
00220222000202200200
00000222220200002220
00220022020220002000
00020002000220000000
00022022220200000000
00022222000000000000
00000022200220000000
00000000222220000000
00000000020022220000
00000000222002000000
00000000020000000000

Grid #19:
00000002000000000220
00000002202200022222
00000002000220220200
00000002202222200220
00000000222022000200
00000022200022000200
00000022220220000220
00222222200222000222
02220022000222220220
00220222200202200200
00000222220200002220
00220002020220002000
00020002000220000000
00022022220200000000
00022222000000000000
00000022200220000000
00000000222220000000
00000000020022220000
00000000222002000000
00000000020000000000

Grid #20:
00000002000000000220
00000002202200022222
00000002000220220200
00000002202222200222
00000000222022000200
00000022200022000200
00000022220220000220
00222222200222000222
02220022000222220220
00220222000202200200
00000222220200002220
00220022020220002000
00020002000220000000
00022022220200000000
00022222000000000000
00000022200220000000
00000000222220000000
00000000020022200000
00000000222002000000
00000000020000000000

Grid #21:
00000002000000000220
00000002202200022222
00000002000220220200
00000002202222200222
00000000222022000200
00000022200022000200
00000022220220000220
00222222200222000222
02220022000222220220
00220222200202200200
00000222220200002220
00220002020220002000
00020002000220000000
00022022220200000000
00022222000000000000
00000022200220000000
00000000222220000000
00000000020022200000
00000000222002000000
00000000020000000000

Grid #22:
00000002000000000220
00000002202200022222
00000002000220220200
00000002202222200222
00000000222022000202
00000022200022000200
00000022220220000220
00222222200222000222
02220022000222220220
00220222000202200200
00000222220200002220
00220022020220002000
00020002000220000000
00022022220200000000
00022222000000000000
00000022200220000000
00000000222220000000
00000000020022220000
00000000222002000000
00000000020000000000

Grid #23:
00000002000000000220
00000002202200022222
00000002000220220200
00000002202222200222
00000000222022000202
00000022200022000200
00000022220220000220
00222222200222000222
02220022000222220220
00220222200202200200
00000222220200002220
00220002020220002000
00020002000220000000
00022022220200000000
00022222000000000000
00000022200220000000
00000000222220000000
00000000020022220000
00000000222002000000
00000000020000000000

Grid #24:
00000022000000000020
00000002202200020222
00000002000220222200
00000002202222200220
00000000222022000200
00000022200022000200
00000022220220000220
00222222200222000222
02220022000222220220
00220222000202200200
00000222220200002220
00220022020220002000
00020002000220000000
00022022220200000000
00022222000000000000
00000022200220000000
00000000222220000000
00000000020022220000
00000000222002000000
00000000020000000000

Grid #25:
00000022000000000020
00000002202200020222
00000002000220222200
00000002202222200220
00000000222022000200
00000022200022000200
00000022220220000220
00222222200222000222
02220022000222220220
00220222200202200200
00000222220200002220
00220002020220002000
00020002000220000000
00022022220200000000
00022222000000000000
00000022200220000000
00000000222220000000
00000000020022220000
00000000222002000000
00000000020000000000

Grid #26:
00000022000000000020
00000002202200020222
00000002000220222200
00000002202222200222
00000000222022000200
00000022200022000200
00000022220220000220
00222222200222000222
02220022000222220220
00220222000202200200
00000222220200002220
00220022020220002000
00020002000220000000
00022022220200000000
00022222000000000000
00000022200220000000
00000000222220000000
00000000020022200000
00000000222002000000
00000000020000000000

Grid #27:
00000022000000000020
00000002202200020222
00000002000220222200
00000002202222200222
00000000222022000200
00000022200022000200
00000022220220000220
00222222200222000222
02220022000222220220
00220222200202200200
00000222220200002220
00220002020220002000
00020002000220000000
00022022220200000000
00022222000000000000
00000022200220000000
00000000222220000000
00000000020022200000
00000000222002000000
00000000020000000000

Grid #28:
00000022000000000020
00000002202200020222
00000002000220222200
00000002202222200222
00000000222022000202
00000022200022000200
00000022220220000220
00222222200222000222
02220022000222220220
00220222000202200200
00000222220200002220
00220022020220002000
00020002000220000000
00022022220200000000
00022222000000000000
00000022200220000000
00000000222220000000
00000000020022220000
00000000222002000000
00000000020000000000

Grid #29:
00000022000000000020
00000002202200020222
00000002000220222200
00000002202222200222
00000000222022000202
00000022200022000200
00000022220220000220
00222222200222000222
02220022000222220220
00220222200202200200
00000222220200002220
00220002020220002000
00020002000220000000
00022022220200000000
00022222000000000000
00000022200220000000
00000000222220000000
00000000020022220000
00000000222002000000
00000000020000000000

Grid #30:
00000022000000000020
00000002202200022222
00000002000220220200
00000002202222200220
00000000222022000200
00000022200022000200
00000022220220000220
00222222200222000222
02220022000222220220
00220222000202200200
00000222220200002220
00220022020220002000
00020002000220000000
00022022220200000000
00022222000000000000
00000022200220000000
00000000222220000000
00000000020022220000
00000000222002000000
00000000020000000000

Grid #31:
00000022000000000020
00000002202200022222
00000002000220220200
00000002202222200220
00000000222022000200
00000022200022000200
00000022220220000220
00222222200222000222
02220022000222220220
00220222200202200200
00000222220200002220
00220002020220002000
00020002000220000000
00022022220200000000
00022222000000000000
00000022200220000000
00000000222220000000
00000000020022220000
00000000222002000000
00000000020000000000

Grid #32:
00000022000000000020
00000002202200022222
00000002000220220200
00000002202222200222
00000000222022000200
00000022200022000200
00000022220220000220
00222222200222000222
02220022000222220220
00220222000202200200
00000222220200002220
00220022020220002000
00020002000220000000
00022022220200000000
00022222000000000000
00000022200220000000
00000000222220000000
00000000020022200000
00000000222002000000
00000000020000000000

Grid #33:
00000022000000000020
00000002202200022222
00000002000220220200
00000002202222200222
00000000222022000200
00000022200022000200
00000022220220000220
00222222200222000222
02220022000222220220
00220222200202200200
00000222220200002220
00220002020220002000
00020002000220000000
00022022220200000000
00022222000000000000
00000022200220000000
00000000222220000000
00000000020022200000
00000000222002000000
00000000020000000000

Grid #34:
00000022000000000020
00000002202200022222
00000002000220220200
00000002202222200222
00000000222022000202
00000022200022000200
00000022220220000220
00222222200222000222
02220022000222220220
00220222000202200200
00000222220200002220
00220022020220002000
00020002000220000000
00022022220200000000
00022222000000000000
00000022200220000000
00000000222220000000
00000000020022220000
00000000222002000000
00000000020000000000

Grid #35:
00000022000000000020
00000002202200022222
00000002000220220200
00000002202222200222
00000000222022000202
00000022200022000200
00000022220220000220
00222222200222000222
02220022000222220220
00220222200202200200
00000222220200002220
00220002020220002000
00020002000220000000
00022022220200000000
00022222000000000000
00000022200220000000
00000000222220000000
00000000020022220000
00000000222002000000
00000000020000000000

Grid #36:
00000022000000000220
00000002202200020222
00000002000220222200
00000002202222200220
00000000222022000200
00000022200022000200
00000022220220000220
00222222200222000222
02220022000222220220
00220222000202200200
00000222220200002220
00220022020220002000
00020002000220000000
00022022220200000000
00022222000000000000
00000022200220000000
00000000222220000000
00000000020022200000
00000000222002000000
00000000020000000000

Grid #37:
00000022000000000220
00000002202200020222
00000002000220222200
00000002202222200220
00000000222022000200
00000022200022000200
00000022220220000220
00222222200222000222
02220022000222220220
00220222200202200200
00000222220200002220
00220002020220002000
00020002000220000000
00022022220200000000
00022222000000000000
00000022200220000000
00000000222220000000
00000000020022200000
00000000222002000000
00000000020000000000

Grid #38:
00000022000000000220
00000002202200020222
00000002000220222200
00000002202222200222
00000000222022000200
00000022200022000200
00000022220220000220
00222222200222000222
02220022000222220220
00220222000202200200
00000222220200002220
00220022020220002000
00020002000220000000
00022022220200000000
00022222000000000000
00000022200220000000
00000000222220000000
00000000020022220000
00000000222002000000
00000000020000000000

Grid #39:
00000022000000000220
00000002202200020222
00000002000220222200
00000002202222200222
00000000222022000200
00000022200022000200
00000022220220000220
00222222200222000222
02220022000222220220
00220222200202200200
00000222220200002220
00220002020220002000
00020002000220000000
00022022220200000000
00022222000000000000
00000022200220000000
00000000222220000000
00000000020022220000
00000000222002000000
00000000020000000000

Grid #40:
00000022000000000220
00000002202200020222
00000002000220222200
00000002202222200222
00000000222022000202
00000022200022000200
00000022220220000220
00222222200222000222
02220022000222220220
00220222000202200200
00000222220200002220
00220022020220002000
00020002000220000000
00022022220200000000
00022222000000000000
00000022200220000000
00000000222220000000
00000000020022200000
00000000222002000000
00000000020000000000

Grid #41:
00000022000000000220
00000002202200020222
00000002000220222200
00000002202222200222
00000000222022000202
00000022200022000200
00000022220220000220
00222222200222000222
02220022000222220220
00220222200202200200
00000222220200002220
00220002020220002000
00020002000220000000
00022022220200000000
00022222000000000000
00000022200220000000
00000000222220000000
00000000020022200000
00000000222002000000
00000000020000000000

Grid #42:
00000022000000000220
00000002202200022222
00000002000220220200
00000002202222200220
00000000222022000200
00000022200022000200
00000022220220000220
00222222200222000222
02220022000222220220
00220222000202200200
00000222220200002220
00220022020220002000
00020002000220000000
00022022220200000000
00022222000000000000
00000022200220000000
00000000222220000000
00000000020022200000
00000000222002000000
00000000020000000000

Grid #43:
00000022000000000220
00000002202200022222
00000002000220220200
00000002202222200220
00000000222022000200
00000022200022000200
00000022220220000220
00222222200222000222
02220022000222220220
00220222200202200200
00000222220200002220
00220002020220002000
00020002000220000000
00022022220200000000
00022222000000000000
00000022200220000000
00000000222220000000
00000000020022200000
00000000222002000000
00000000020000000000

Grid #44:
00000022000000000220
00000002202200022222
00000002000220220200
00000002202222200222
00000000222022000200
00000022200022000200
00000022220220000220
00222222200222000222
02220022000222220220
00220222000202200200
00000222220200002220
00220022020220002000
00020002000220000000
00022022220200000000
00022222000000000000
00000022200220000000
00000000222220000000
00000000020022220000
00000000222002000000
00000000020000000000

Grid #45:
00000022000000000220
00000002202200022222
00000002000220220200
00000002202222200222
00000000222022000200
00000022200022000200
00000022220220000220
00222222200222000222
02220022000222220220
00220222200202200200
00000222220200002220
00220002020220002000
00020002000220000000
00022022220200000000
00022222000000000000
00000022200220000000
00000000222220000000
00000000020022220000
00000000222002000000
00000000020000000000

Grid #46:
00000022000000000220
00000002202200022222
00000002000220220200
00000002202222200222
00000000222022000202
00000022200022000200
00000022220220000220
00222222200222000222
02220022000222220220
00220222000202200200
00000222220200002220
00220022020220002000
00020002000220000000
00022022220200000000
00022222000000000000
00000022200220000000
00000000222220000000
00000000020022200000
00000000222002000000
00000000020000000000

Grid #47:
00000022000000000220
00000002202200022222
00000002000220220200
00000002202222200222
00000000222022000202
00000022200022000200
00000022220220000220
00222222200222000222
02220022000222220220
00220222200202200200
00000222220200002220
00220002020220002000
00020002000220000000
00022022220200000000
00022222000000000000
00000022200220000000
00000000222220000000
00000000020022200000
00000000222002000000
00000000020000000000

Grid #48:
00000222000000000020
00000002202200020222
00000002000220222200
00000002202222200220
00000000222022000200
00000022200022000200
00000022220220000220
00222222200222000222
02220022000222220220
00220222000202200200
00000222220200002220
00220022020220002000
00020002000220000000
00022022220200000000
00022222000000000000
00000022200220000000
00000000222220000000
00000000020022200000
00000000222002000000
00000000020000000000

Grid #49:
00000222000000000020
00000002202200020222
00000002000220222200
00000002202222200220
00000000222022000200
00000022200022000200
00000022220220000220
00222222200222000222
02220022000222220220
00220222200202200200
00000222220200002220
00220002020220002000
00020002000220000000
00022022220200000000
00022222000000000000
00000022200220000000
00000000222220000000
00000000020022200000
00000000222002000000
00000000020000000000

Grid #50:
00000222000000000020
00000002202200020222
00000002000220222200
00000002202222200222
00000000222022000200
00000022200022000200
00000022220220000220
00222222200222000222
02220022000222220220
00220222000202200200
00000222220200002220
00220022020220002000
00020002000220000000
00022022220200000000
00022222000000000000
00000022200220000000
00000000222220000000
00000000020022220000
00000000222002000000
00000000020000000000

Grid #51:
00000222000000000020
00000002202200020222
00000002000220222200
00000002202222200222
00000000222022000200
00000022200022000200
00000022220220000220
00222222200222000222
02220022000222220220
00220222200202200200
00000222220200002220
00220002020220002000
00020002000220000000
00022022220200000000
00022222000000000000
00000022200220000000
00000000222220000000
00000000020022220000
00000000222002000000
00000000020000000000

Grid #52:
00000222000000000020
00000002202200020222
00000002000220222200
00000002202222200222
00000000222022000202
00000022200022000200
00000022220220000220
00222222200222000222
02220022000222220220
00220222000202200200
00000222220200002220
00220022020220002000
00020002000220000000
00022022220200000000
00022222000000000000
00000022200220000000
00000000222220000000
00000000020022200000
00000000222002000000
00000000020000000000

Grid #53:
00000222000000000020
00000002202200020222
00000002000220222200
00000002202222200222
00000000222022000202
00000022200022000200
00000022220220000220
00222222200222000222
02220022000222220220
00220222200202200200
00000222220200002220
00220002020220002000
00020002000220000000
00022022220200000000
00022222000000000000
00000022200220000000
00000000222220000000
00000000020022200000
00000000222002000000
00000000020000000000

Grid #54:
00000222000000000020
00000002202200022222
00000002000220220200
00000002202222200220
00000000222022000200
00000022200022000200
00000022220220000220
00222222200222000222
02220022000222220220
00220222000202200200
00000222220200002220
00220022020220002000
00020002000220000000
00022022220200000000
00022222000000000000
00000022200220000000
00000000222220000000
00000000020022200000
00000000222002000000
00000000020000000000

Grid #55:
00000222000000000020
00000002202200022222
00000002000220220200
00000002202222200220
00000000222022000200
00000022200022000200
00000022220220000220
00222222200222000222
02220022000222220220
00220222200202200200
00000222220200002220
00220002020220002000
00020002000220000000
00022022220200000000
00022222000000000000
00000022200220000000
00000000222220000000
00000000020022200000
00000000222002000000
00000000020000000000

Grid #56:
00000222000000000020
00000002202200022222
00000002000220220200
00000002202222200222
00000000222022000200
00000022200022000200
00000022220220000220
00222222200222000222
02220022000222220220
00220222000202200200
00000222220200002220
00220022020220002000
00020002000220000000
00022022220200000000
00022222000000000000
00000022200220000000
00000000222220000000
00000000020022220000
00000000222002000000
00000000020000000000

Grid #57:
00000222000000000020
00000002202200022222
00000002000220220200
00000002202222200222
00000000222022000200
00000022200022000200
00000022220220000220
00222222200222000222
02220022000222220220
00220222200202200200
00000222220200002220
00220002020220002000
00020002000220000000
00022022220200000000
00022222000000000000
00000022200220000000
00000000222220000000
00000000020022220000
00000000222002000000
00000000020000000000

Grid #58:
00000222000000000020
00000002202200022222
00000002000220220200
00000002202222200222
00000000222022000202
00000022200022000200
00000022220220000220
00222222200222000222
02220022000222220220
00220222000202200200
00000222220200002220
00220022020220002000
00020002000220000000
00022022220200000000
00022222000000000000
00000022200220000000
00000000222220000000
00000000020022200000
00000000222002000000
00000000020000000000

Grid #59:
00000222000000000020
00000002202200022222
00000002000220220200
00000002202222200222
00000000222022000202
00000022200022000200
00000022220220000220
00222222200222000222
02220022000222220220
00220222200202200200
00000222220200002220
00220002020220002000
00020002000220000000
00022022220200000000
00022222000000000000
00000022200220000000
00000000222220000000
00000000020022200000
00000000222002000000
00000000020000000000

Grid #60:
00000222000000000220
00000002202200020222
00000002000220222200
00000002202222200220
00000000222022000200
00000022200022000200
00000022220220000220
00222222200222000222
02220022000222220220
00220222000202200200
00000222220200002220
00220022020220002000
00020002000220000000
00022022220200000000
00022222000000000000
00000022200220000000
00000000222220000000
00000000020022220000
00000000222002000000
00000000020000000000

Grid #61:
00000222000000000220
00000002202200020222
00000002000220222200
00000002202222200220
00000000222022000200
00000022200022000200
00000022220220000220
00222222200222000222
02220022000222220220
00220222200202200200
00000222220200002220
00220002020220002000
00020002000220000000
00022022220200000000
00022222000000000000
00000022200220000000
00000000222220000000
00000000020022220000
00000000222002000000
00000000020000000000

Grid #62:
00000222000000000220
00000002202200020222
00000002000220222200
00000002202222200222
00000000222022000200
00000022200022000200
00000022220220000220
00222222200222000222
02220022000222220220
00220222000202200200
00000222220200002220
00220022020220002000
00020002000220000000
00022022220200000000
00022222000000000000
00000022200220000000
00000000222220000000
00000000020022200000
00000000222002000000
00000000020000000000

Grid #63:
00000222000000000220
00000002202200020222
00000002000220222200
00000002202222200222
00000000222022000200
00000022200022000200
00000022220220000220
00222222200222000222
02220022000222220220
00220222200202200200
00000222220200002220
00220002020220002000
00020002000220000000
00022022220200000000
00022222000000000000
00000022200220000000
00000000222220000000
00000000020022200000
00000000222002000000
00000000020000000000

Grid #64:
00000222000000000220
00000002202200020222
00000002000220222200
00000002202222200222
00000000222022000202
00000022200022000200
00000022220220000220
00222222200222000222
02220022000222220220
00220222000202200200
00000222220200002220
00220022020220002000
00020002000220000000
00022022220200000000
00022222000000000000
00000022200220000000
00000000222220000000
00000000020022220000
00000000222002000000
00000000020000000000

Grid #65:
00000222000000000220
00000002202200020222
00000002000220222200
00000002202222200222
00000000222022000202
00000022200022000200
00000022220220000220
00222222200222000222
02220022000222220220
00220222200202200200
00000222220200002220
00220002020220002000
00020002000220000000
00022022220200000000
00022222000000000000
00000022200220000000
00000000222220000000
00000000020022220000
00000000222002000000
00000000020000000000

Grid #66:
00000222000000000220
00000002202200022222
00000002000220220200
00000002202222200220
00000000222022000200
00000022200022000200
00000022220220000220
00222222200222000222
02220022000222220220
00220222000202200200
00000222220200002220
00220022020220002000
00020002000220000000
00022022220200000000
00022222000000000000
00000022200220000000
00000000222220000000
00000000020022220000
00000000222002000000
00000000020000000000

Grid #67:
00000222000000000220
00000002202200022222
00000002000220220200
00000002202222200220
00000000222022000200
00000022200022000200
00000022220220000220
00222222200222000222
02220022000222220220
00220222200202200200
00000222220200002220
00220002020220002000
00020002000220000000
00022022220200000000
00022222000000000000
00000022200220000000
00000000222220000000
00000000020022220000
00000000222002000000
00000000020000000000

Grid #68:
00000222000000000220
00000002202200022222
00000002000220220200
00000002202222200222
00000000222022000200
00000022200022000200
00000022220220000220
00222222200222000222
02220022000222220220
00220222000202200200
00000222220200002220
00220022020220002000
00020002000220000000
00022022220200000000
00022222000000000000
00000022200220000000
00000000222220000000
00000000020022200000
00000000222002000000
00000000020000000000

Grid #69:
00000222000000000220
00000002202200022222
00000002000220220200
00000002202222200222
00000000222022000200
00000022200022000200
00000022220220000220
00222222200222000222
02220022000222220220
00220222200202200200
00000222220200002220
00220002020220002000
00020002000220000000
00022022220200000000
00022222000000000000
00000022200220000000
00000000222220000000
00000000020022200000
00000000222002000000
00000000020000000000

Grid #70:
00000222000000000220
00000002202200022222
00000002000220220200
00000002202222200222
00000000222022000202
00000022200022000200
00000022220220000220
00222222200222000222
02220022000222220220
00220222000202200200
00000222220200002220
00220022020220002000
00020002000220000000
00022022220200000000
00022222000000000000
00000022200220000000
00000000222220000000
00000000020022220000
00000000222002000000
00000000020000000000

Grid #71:
00000222000000000220
00000002202200022222
00000002000220220200
00000002202222200222
00000000222022000202
00000022200022000200
00000022220220000220
00222222200222000222
02220022000222220220
00220222200202200200
00000222220200002220
00220002020220002000
00020002000220000000
00022022220200000000
00022222000000000000
00000022200220000000
00000000222220000000
00000000020022220000
00000000222002000000
00000000020000000000

End; num grids: 72
